87742 6779 8618 785 1564 7528 2626 47 15 175 2451 3203 2919 17 1 1 1 2 1 1 1 1 1 1 1 1 1 1 744 43 1 3 827 19 3063 1866 4 5 617 1 1 7 422 1095 7351 1 1 
15440 5602 1325 14 117 218 103 3 3 5 536 63 168 1 1 1 1 1 1 1 1 1 1 1 1 1 1 1 153 5 1 1 26 4 472 322 2 3 239 1 1 2 149 128 941 1 1 
14530 2025 968 166 333 11125 5325 84 6 352 700 1256 159 3 1 1 1 1 1 1 1 1 1 1 1 1 1 1 238 74 1 1 437 2 96 371 2 8 76 1 1 1 124 487 3412 1 1 
636 33 1703 130 6 176 15 1 2 1 31 85 8 1 1 1 1 1 1 1 1 1 1 1 1 2 1 1 4 13 1 1 15 1 5 58 1 1 4 1 1 1 3 9 915 1 1 
4375 133 182 74 88 392 413 8 1 6 78 208 149 13 1 1 1 1 1 1 1 1 1 1 1 1 1 1 8 1 1 1 11 1 1 4 1 2 4 1 1 1 3 36 15 1 1 
1 1 2 1 1 1 1 1 1 1 1 1 1 1 1 1 1 1 1 1 1 1 1 1 1 1 1 1 1 1 1 1 1 1 1 1 1 1 1 1 1 1 1 1 1 1 1 
1 1 1 1 1 1 1 1 1 1 1 1 1 1 1 1 1 1 1 1 1 1 1 1 1 1 1 1 1 1 1 1 1 1 1 1 1 1 1 1 1 1 1 1 1 1 1 
1 1 1 1 1 1 1 1 1 1 1 1 1 1 1 1 1 1 1 1 1 1 1 1 1 1 1 1 1 1 1 1 1 1 1 1 1 1 1 1 1 1 1 1 1 1 1 
2 1 1 1 2 1 1 1 1 1 1 1 1 1 1 1 1 1 1 1 1 1 1 1 1 1 1 1 1 1 1 1 1 1 1 1 1 1 1 1 1 1 1 1 1 1 1 
1 1 1 1 1 1 1 1 1 1 1 1 1 1 1 1 1 1 1 1 1 1 1 1 1 1 1 1 1 1 1 1 1 1 1 1 1 1 1 1 1 1 1 1 1 1 1 
30263 435 5281 292 178 156 552 1 1 1 760 86 13 3 1 1 1 1 1 1 1 1 1 1 1 1 1 1 84 2 1 1 415 2 2 174 1 2 5 1 1 1 21 315 637 1 1 
29933 2398 34 227 2636 20045 5890 59 3 46 2734 2848 80 7 1 1 1 1 1 1 1 1 1 1 1 1 1 1 272 1 2 1 2927 8 13 807 2 3 14 1 1 5 114 611 1425 1 1 
11193 1829 15 228 2070 581 575 15 1 5 1741 1176 67 14 1 1 1 1 1 1 1 1 1 1 1 1 1 1 178 1 1 1 435 5 1 644 1 1 15 1 1 1 119 570 604 1 1 
184 25 7 5 114 81 58 3 1 2 57 59 15 42 1 1 1 1 1 1 1 1 1 1 1 1 1 1 1 1 1 1 10 1 1 8 1 1 1 1 1 6 1 4 1 1 1 
30771 2166 70 379 2826 23238 11072 114 1 2 2418 10388 264 37 1 1 1 1 1 1 1 1 1 1 1 1 1 1 322 1 1 1 3310 8 3 809 1 1 10 1 1 6 98 465 1959 1 1 
47 4 1 2 6 4864 16 1 1 3466 5 29 1 1 1 1 1 1 1 1 1 1 1 1 1 1 1 1 1 1 1 1 4 1 1 2 1 1 1 1 1 1 1 2 9 1 1 
74101 1962 352 369 387 407 1358 2 1 1 1863 390 64 2 1 1 1 2 1 1 1 1 1 1 1 1 1 1 721 1 1 1 1909 3 2 1180 1 1 4 1 1 3 171 2144 1456 1 1 
43566 672 51 162 738 71748 1440 200 1 2 1013 8659 103 6 1 1 1 1 1 1 1 1 1 1 1 1 1 1 294 1 1 1 1828 2 7 559 2 2 7 1 1 3 40 357 636 1 1 
53992 3483 69 354 2404 51996 5218 50 2 1 2900 9202 281 7 1 1 1 1 1 1 1 1 1 1 1 1 1 1 471 1 1 1 2803 12 32 1386 2 1 38 1 1 6 188 942 2643 1 1 
48 8 1 2 24 13 4 1 1 1 6 9 3 2 1 1 1 1 1 1 1 1 1 1 1 1 1 1 1 1 1 1 2 1 1 2 1 1 1 1 1 1 1 1 1 1 1 
1061 17 2 1 12 615 17 2 1 1 10 32 4 1 1 1 1 1 1 1 1 1 1 1 1 1 1 1 1 1 1 1 13 1 1 6 1 1 1 1 1 1 1 4 2 1 1 
53484 6764 166 573 6042 14973 8295 3822 4 1932 5928 16937 955 44 1 1 1 1 1 1 1 17 1 1 1 1 1 1 649 2 1 1 3862 20 29 3199 1 2 67 1 1 7 379 1381 4942 1 1 
18591 2466 15 40 488 216 321 2 1 4 441 135 50 1 1 1 1 1 1 1 1 1 1 1 1 1 1 1 256 1 1 1 275 3 1 428 1 1 3 1 1 1 155 646 380 1 1 
1 1 2 1 1 1 1 2 1 1 1 1 1 1 1 1 1 1 1 1 1 1 1 1 1 1 1 1 1 1 1 1 1 1 1 1 1 1 1 1 1 1 1 1 1 1 1 
1 1 1 1 1 1 1 1 1 1 1 1 1 1 1 1 1 1 1 1 1 1 1 1 1 1 1 1 1 1 1 1 1 1 1 1 1 1 1 1 1 1 1 1 1 1 1 
68606 6162 373 507 7032 37386 5130 53094 4 89 5997 10334 1070 130 1 1 1 1 1 1 1 1 1 1 1 1 1 1 678 2 1 1 3236 32 246 2558 3 3 119 1 1 12 308 1637 2964 1 1 
1477 19 3405 2 6 2916 964 4 1 42 16 47 12 1 1 1 1 1 1 1 1 1 1 1 1 1 1 1 5 2 1 1 11 1 44 9 1 1 7 1 1 1 1 6 33 1 1 
119503 7132 61153 219 2054 379 1690 9 1 2 2672 589 191 3 1 1 1 2 1 1 1 1 1 1 2 1 1 1 762 1 1 1 2121 13 7 2276 1 4 15 1 1 2 394 2194 2663 1 1 
83 5 1 1 1 1 1 1 1 1 2 1 1 1 1 1 1 1 1 1 1 1 1 1 1 1 1 1 1 1 1 1 2 1 1 4 1 1 1 1 1 1 1 1 208 1 1 
12086 160 839 49 64 738 190 8 2 7 125 182 153 2 1 1 1 1 1 1 1 1 1 1 1 1 1 1 80 3 1 1 116 2 100 111 1 1 13 1 1 2 32 129 308 1 1 
1 1 1 1 1 1 1 1 1 1 1 1 1 1 1 1 1 1 1 1 1 1 1 1 1 1 1 1 1 1 1 1 1 1 1 1 1 1 1 1 1 1 1 1 1 1 1 
1 1 1 1 1 1 1 1 1 1 1 1 1 1 1 1 1 1 1 1 1 1 1 1 1 1 1 1 1 1 1 1 1 1 1 1 1 1 1 1 1 1 1 1 1 1 1 
551 17 7 1 6 15 3 1 1 1 3 8 2 1 1 1 1 1 1 1 1 1 1 1 1 1 1 1 8 1 1 1 17 1 39 19 1 1 3 1 1 1 3 11 23 1 1 
1460 419 6 24 428 99 85 1 1 5 172 224 184 64 1 1 2 1 1 1 1 2 1 1 1 1 1 1 12 1 1 1 33 1 8 133 9 1 66 1 1 2 254 203 518 1 1 
25466 5018 46 253 3102 1298 960 6 6 102 2418 2663 2102 177 1 1 1 2 2 1 1 2 1 2 1 2 1 1 319 1 1 1 585 12 7 1548 9 2 96 1 1 7 468 944 1863 1 1 
5089 1712 848 40 437 777 235 27 42 10 380 323 517 16 1 1 1 1 1 1 1 1 1 1 1 2 1 1 73 6 1 1 62 4 962 3081 43 1 255 1 1 1 97 332 765 1 1 
399 75 7 11 186 79 58 8 5 7 95 145 66 44 1 1 1 1 1 1 1 1 1 1 1 1 1 1 5 1 1 1 18 1 6 25 2 2 2 1 1 1 5 6 21 1 1 
5 4 1 1 2 3 1 1 1 1 3 2 1 2 1 1 1 1 1 1 1 1 1 1 1 1 1 1 1 1 1 1 2 1 1 1 1 1 1 1 1 1 1 1 80 1 1 
2024 602 53 13 36 147 50 1 1 1 50 51 74 1 1 1 1 1 1 1 1 1 1 1 1 1 1 1 20 3 1 1 25 2 24 136 8 1 34 1 1 1 115 76 174 1 1 
1 1 1 1 1 1 1 1 1 1 1 1 1 1 1 1 1 1 1 1 1 1 1 1 1 1 1 1 1 1 1 1 1 1 1 1 1 1 1 1 1 1 1 1 1 1 1 
1 1 1 1 1 1 1 1 1 1 1 1 1 1 1 1 1 1 1 1 1 1 1 1 1 1 1 1 1 1 1 1 1 1 1 1 1 1 1 1 1 1 1 1 1 1 1 
17 2 5 1 3 6 2 2 1 1 2 8 1 1 1 1 1 1 1 1 1 1 1 1 1 1 1 1 1 1 1 1 2 1 2 1 1 1 1 1 1 5 1 2 1 1 1 
476 125 71 1 2 7 6 1 1 1 7 5 27 1 1 1 1 1 1 1 1 1 1 1 1 1 1 1 13 1 1 1 1 1 74 55 1 1 23 1 1 1 2369 15 150 1 1 
1741 74 285 4 16 77 29 1 3 5 46 54 286 1 1 1 1 1 1 1 1 1 1 1 1 6 1 1 21 1 1 1 17 1 231 116 1 2 44 1 1 1 17 3897 258 1 1 
989 415 268 43 42 19 9 1 3 1 20 26 34 1 1 1 1 1 1 1 1 1 1 1 1 1 1 1 21 16 1 1 21 1 35 368 1 65 646 1 1 1 59 30 92 1 1 
1 1 1 1 1 1 1 1 1 1 1 1 1 1 1 1 1 1 1 1 1 1 1 1 1 1 1 1 1 1 1 1 1 1 1 1 1 1 1 1 1 1 1 1 1 1 1 
1 1 1 1 1 1 1 1 1 1 1 1 1 1 1 1 1 1 1 1 1 1 1 1 1 1 1 1 1 1 1 1 1 1 1 1 1 1 1 1 1 1 1 1 1 1 1 
