82102 109 3624 10 15 2943 523 1 18459 16 32 479 5 1 60059 6116 55331 105035 109409 130 1 59932 19797 1 1 1 1 1 80 54824 82042 8307 118 1534 16128 24511 346 34 137 1 1 2 109 242 552 1 1 
8132 345 2477 2 24 24 5 1 515 1 145 1 3 1 4137 76 8186 2356 7231 165 1 6297 1835 1 2 1 1 1 25 674 9 6 2 211 2653 6562 49 48 62 1 1 3 46 46 97 1 1 
995 365 1591 3 1 44 20 13 6046 5 2 10 1 1 8550 1383 5345 6521 15841 15 1 14258 471 1 1 2 1 1 3 2106 113 771 2 228 1471 2273 58 57 14 1 1 1 7 11 562 1 1 
244 6 2901 126 1 2 1 1 243 1 73 6 1 1 229 80 577 181 430 2 1 642 25 1 1 1 1 2 2 506 3 1 1 7 378 29 6 108 95 1 1 1 9 6 1147 1 1 
778 1 112 3 21 62 499 1 1411 1 1 7 1 1 5396 83 5367 3923 6986 21 1 12091 194 1 1 2 1 1 1 3594 3 7 2 26 82 115 16 1 1 1 1 1 1 4 1 1 1 
1 1 1 1 1 2 1 1 1 1 1 1 1 1 1 1 1 1 1 1 1 1 1 14267 1460 124962 8398 75151 1 6 1 1 1 1 2 9 1 1 1 1 1 1 1 1 1 1 1 
1 1 1 1 1 1 1 1 1 1 1 1 1 1 1 1 1 1 1 1 1 1 1 1669 415 19586 1376 25079 1 1 1 1 1 1 1 2 1 1 1 1 1 1 1 1 1 1 1 
1 1 1 1 1 1 1 1 1 1 1 1 1 1 1 1 1 1 1 1 1 1 1 5390 586 21352 2027 23258 1 1 1 1 1 1 1 1 1 1 1 1 1 1 1 1 1 1 1 
1 1 1 1 1 1 1 1 1 1 1 1 1 1 1 1 1 1 1 1 3 1 1 2063 943 18640 1674 16923 1 1 1 1 1 1 1 1 1 1 1 1 1 1 1 1 1 1 1 
1 1 1 1 1 1 1 1 1 1 1 1 1 1 1 1 1 1 1 1 1 1 1 182 96 3190 79 955 1 1 1 1 1 1 1 1 1 1 1 1 1 1 1 1 1 1 1 
2280 80 1800 54 5 1 1 1 1 1 10 2 1 1 1 1 1 1 3 1 1 2 1 1 1 1 1 1 3 2 1 1 1 2 7 11 5 1 6 1 1 1 2 4 45 1 1 
159 1 8 2 1 787 21 1 140 1 4 228 2 1 6 4 45 14 77 1 1 1606 1 1 1 1 1 1 1 116 2028 500 1 66 520 132 66 2 2 1 1 1 1 1 2 1 1 
1 1 1 14 1 1 1 1 2 1 87 2 1 1 1 1 1 1 1 1 1 297 1 1 1 2 1 1 1 1 1 1 1 7 222 3 42 1 1 1 1 1 1 1 1 1 1 
1 1 2 1 5 4 1 1 3 1 1 2 1 2 1 1 1 1 1 1 1 2 1 1 1 1 1 1 1 2 1 1 1 229 987 48 88 11 1 1 1 1 1 1 1 1 1 
5 1 1 1 1 7 3 1 2 1 1 2 1 1 1 1 1 1 1 1 1 117 1 1 1 1 1 1 1 1 1 1 1 8 323 26 47 1 1 1 1 1 1 1 2 1 1 
1 1 1 1 1 4 1 1 1 9 1 1 1 1 1 1 1 1 1 1 1 1 1 1 1 1 1 1 1 1 1 1 1 1 1 1 2 1 1 1 1 1 1 1 1 1 1 
60 1 15 1 1 1 1 1 1 1 1 1 1 1 1 1 1 1 1 1 1 1 1 1 1 1 1 1 2 1 1 1 1 2 25 26 3 1 1 1 1 1 1 1 11 1 1 
1 1 1 1 1 17 1 1 2 1 1 1 1 1 1 1 1 1 5 1 1 11 1 1 1 1 1 1 1 1 1 1 1 40 293 42 47 1 1 1 1 1 1 1 3 1 1 
6 1 4 1 1 29 5 1 244 1 1 10 1 1 1 40 2450 43 174 1 1 19155 52 1 1 1 1 1 1 3 2 1 1 20 1261 155 60 1 1 1 1 1 1 1 4 1 1 
1 1 1 1 2 1 1 1 1 1 1 1 1 1 1 1 1 1 1 1 1 1 1 1 1 1 1 1 1 1 1 1 1 21 214 11 5 1 1 1 1 1 1 1 1 1 1 
1 1 1 1 1 1 1 1 1 1 1 1 1 1 1 1 1 1 1 1 1 13 1 1 1 1 1 1 1 1 1 1 1 1 6 1 1 1 1 1 1 1 1 1 1 1 1 
11 1 2 1 3 152 2 5 263 2 1 4 1 1 440 166 404 514 363 1 1 1669 4 1 1 2 1 2 1 1 2 1 1 95 1258 102 125 1 1 1 1 1 3 1 8 1 1 
1 2 1 1 2 1 1 1 2 1 2 1 1 1 2 1 1 4 1 1 1 1 1 1 1 1 1 1 1 1 1 1 1 1 222 9 4 1 1 1 1 1 1 1 2 1 1 
2 1 1 1 1 1 1 1 1 1 1 1 1 1 1 1 1 1 1 1 1 2 1 348 1411 17837 1648 9545 1 1 1 1 1 1 1 1 1 1 1 1 1 1 1 1 1 1 1 
1 1 1 1 1 1 1 2 1 1 1 1 1 1 1 1 1 1 1 1 1 7 1 1 1 1 1 2 1 1 1 1 1 5145 1 1 13 1 1 1 1 1 1 1 1 1 1 
6 1 19 1 21 986 17 13503 219 1 1 3 1 1 212 52 126 782 349 1 1 8055 9 7 1 3 1 1 1 30 4 15 1 1 17135 4627 1147 7 6 1 1 1 1 1 5 1 1 
29 1 25 1 1 12 10 1 86 12 1 7 1 1 826 22 82 2343 4036 2 1 3897 139 1 2 3 1 2 1 9 8 1 1 29 107 396 7 1 5 1 1 1 1 1 2 1 1 
336 4 878 1 2 1 2 1 1 1 1 1 1 1 1 1 1 1 2 1 1 1 1 1 1 4 2 1 1 10 1 1 1 5 479 261 32 1 1 1 1 1 4 1 10 1 1 
5202 165 5 6 1 6 2 1 1 1 1 1 1 1 2 1 2 1 1 1 1 1 1 1 1 1 1 1 5 1 1 1 288 2 19 29 1 1 7 1 1 1 9 2 1220 1 1 
782 1 598 41 1 36 2 1 8117 1 1 1 1 1 7824 132 5963 5054 9703 28 1 6965 904 1 1 1 1 1 1 580 1508 25 1 130 829 894 33 1 14 1 1 1 5 2 5 1 1 
1 1 1 1 1 1 1 1 3 1 1 1 1 1 1 1 1 1 1 1 1 1 1 6136 192 39305 4864 37562 1 4 1 1 1 1 1 1 1 1 1 1 1 1 1 1 1 1 1 
1 1 1 1 1 1 1 1 1 1 1 1 1 1 1 1 1 1 1 1 1 1 1 731 67 9691 1020 19132 1 1 1 1 1 1 1 1 1 1 1 1 1 1 1 1 1 1 1 
447 1 3 1 1 6 1 4 2 1 1 1 1 1 3 1 7 14 9 1 1 14 13 1 1 1 1 1 1 1683 1451 20858 12 3 104 43 1 1 1 1 1 1 1 2 2 1 1 
358 88 8 2 5 2 1 1 10 1 3 1 2 2 2 1 2 3 5 1 26 1 1 1 1 1 1 2 1 1 1 1 3 17 5 5100 28 7 10 1 1 1 206 6 5974 1 1 
3103 1242 4 3 11 8 7 1 12 1 18 4 2 11 4 1 1 1 7 1 23 2 1 1 1 1 1 2 53 2 1 1 12 2 68 53 4 5 10 1 1 1 163 350 2810 1 1 
17545 6959 369 109 1823 936 669 8 3666 24 850 1186 411 1006 1949 220 2188 3535 4040 3 1750 2763 1013 4 1 430 1 438 379 261 389 42 312 220 1792 2017 248 30 261 1 1 11 2865 8764 3459 1 1 
127 23 3 3 57 34 10 1 2 1 25 29 16 14 2 2 2 4 3 1 3 2 1 1 1 1 1 1 2 1 2 1 10 539 30 500 66 1 1 1 1 1 1 14 7 1 1 
43 54 6 4 1 4 2 1 2 1 1 1 1 1 2 1 2 1 3 1 1 6 1 1 1 1 1 1 1 2 1 1 1 11 2 18 1 16 4 1 1 4 8 2 1099 1 1 
729 271 60 6 12 15 14 1 95 1 16 12 8 1 170 5 235 242 797 1 1 223 16 1 1 1 1 1 13 47 3 1 9 70 339 918 17 10 74 1 1 1 104 16 306 1 1 
1 1 1 1 1 1 1 1 1 1 1 1 1 1 1 1 1 1 1 1 1 1 1 1 1 1 1 1 1 1 1 1 1 1 1 1 1 1 1 1 1 1 1 1 1 1 1 
1 1 1 1 1 1 1 1 1 1 1 1 1 1 1 1 1 1 1 1 1 1 1 1 1 1 1 1 1 1 1 1 1 1 1 1 1 1 1 1 1 1 1 1 1 1 1 
2 1 1 1 1 1 1 1 1 1 1 1 1 1 1 1 1 2 1 1 1 1 1 1 1 1 1 1 1 1 1 1 1 8 10 8 1 4 1 1 1 1 1 3 1 1 1 
1032 10 56 1 3 8 2 1 43 1 1 3 3 2 171 4 299 175 302 1 1 310 104 1 1 1 1 2 2 53 1 1 1 497 578 2802 5 5 118 1 1 1 10 21 168 1 1 
1295 51 502 2 5 19 14 1 550 1 12 6 5 4 1241 72 2140 1718 2094 2 1 1642 545 1 1 1 1 1 11 183 507 113 1 69 1167 8673 2 2 25 1 1 2 18 2 45 1 1 
5977 84 23246 5777 1 2 2 1 53 1 5 3 14 1 38 15 232 77 309 1 1 55 31 1 1 1 1 1 7 794 1 1 3 6860 3148 2217 12 947 4251 1 1 1 101 425 6 1 1 
1 1 1 1 1 1 1 1 1 1 1 1 1 1 1 1 1 1 1 1 1 1 1 1 1 1 1 1 1 1 1 1 1 1 1 1 1 1 1 1 1 1 1 1 1 1 1 
1 1 1 1 1 1 1 1 1 1 1 1 1 1 1 1 1 1 1 1 1 1 1 1 1 1 1 1 1 1 1 1 1 1 1 1 1 1 1 1 1 1 1 1 1 1 1 
